Marker	mh01HYP01			mh01HYP02			mh03HYP06			mh03HYP07			mh03HYP09			mh03HYP10				mh04HYP11			mh05HYP14			mh06HYP18			mh07HYP19			mh07HYP20			mh08HYP22			mh08HYP23			mh09HYP24				mh11HYP27			mh11HYP28			mh11HYP29			mh12HYP31			mh16HYP36			mh20HYP41			mh20HYP42
Allele	TT	TC	CC	AC	GA	GC	AA	AG	GG	AG	GA	GG	AT	AG	GT	AA	AG	GA	GG	AG	GA	GG	AG	GA	GG	AA	AG	TG	AA	CA	CG	AA	GA	GT	AG	TA	TG	TC	TG	GC	CA	CG	TA	TG	CC	TC	TT	AA	GA	GC	AC	AT	GC	AA	AG	GG	AC	AT	GT	CG	CT	TG	CT	TC	TT
Chengdu Han	0.3581	0.3986	0.2432	0.3986	0.4324	0.1689	0.5946	0.0000	0.4054	0.6419	0.1757	0.1824	0.0203	0.3919	0.5878	0.0000	0.3176	0.6284	0.0541	0.3243	0.5608	0.1149	0.4189	0.1351	0.4459	0.0946	0.1486	0.7568	0.0541	0.6284	0.3176	0.5541	0.2230	0.2230	0.7297	0.2027	0.0676	0.1554	0.6959	0.1486	0.0000	0.5541	0.4324	0.0135	0.2568	0.2905	0.4527	0.1081	0.3311	0.5608	0.5541	0.2838	0.1622	0.1014	0.3986	0.5000	0.2432	0.4392	0.3176	0.1959	0.3716	0.4324	0.0338	0.3986	0.5676
Dujiangyan Tibetan	0.2500	0.5461	0.2039	0.4211	0.3289	0.2500	0.7303	0.0066	0.2632	0.5592	0.1382	0.3026	0.0526	0.6118	0.3355	0.0000	0.2829	0.6184	0.0987	0.3224	0.6184	0.0592	0.5000	0.1974	0.3026	0.3355	0.1053	0.5592	0.0658	0.7171	0.2171	0.6316	0.1842	0.1842	0.7171	0.2039	0.0789	0.1316	0.7566	0.1118	0.0461	0.6184	0.3355	0.0000	0.0658	0.3092	0.6250	0.0855	0.1382	0.7763	0.5263	0.2039	0.2697	0.1250	0.5000	0.3750	0.2500	0.3355	0.4145	0.4211	0.3224	0.2566	0.0000	0.1974	0.8026
Muli Tibetan	0.3506	0.4545	0.1948	0.4091	0.3377	0.2532	0.7857	0.0000	0.2143	0.4935	0.2532	0.2532	0.0779	0.6818	0.2403	0.0000	0.3247	0.5909	0.0844	0.1948	0.7403	0.0649	0.4740	0.1623	0.3636	0.3117	0.0844	0.6039	0.0714	0.7532	0.1753	0.5779	0.1883	0.2338	0.7532	0.2208	0.0260	0.1364	0.7597	0.1039	0.0000	0.6818	0.3117	0.0065	0.0714	0.3831	0.5455	0.1299	0.1169	0.7532	0.4221	0.2857	0.2922	0.1429	0.4026	0.4545	0.3442	0.4156	0.2403	0.3571	0.3506	0.2922	0.0195	0.2922	0.6883
Xichang Yi	0.3846	0.4423	0.1731	0.4231	0.3718	0.2051	0.6859	0.0000	0.3141	0.5833	0.1731	0.2436	0.0321	0.6282	0.3397	0.0000	0.1603	0.7628	0.0769	0.2564	0.6987	0.0449	0.4808	0.1154	0.4038	0.1538	0.1218	0.7244	0.0449	0.7372	0.2179	0.5897	0.1667	0.2436	0.8333	0.1346	0.0321	0.2115	0.6538	0.1346	0.0064	0.5705	0.4167	0.0064	0.1474	0.3141	0.5385	0.1090	0.1987	0.6923	0.5449	0.2564	0.1987	0.1346	0.4038	0.4615	0.3462	0.4615	0.1923	0.3269	0.3590	0.3141	0.0000	0.2692	0.7308
Zunyi Gelao	0.3175	0.3968	0.2857	0.4603	0.3651	0.1746	0.6032	0.0159	0.3810	0.6032	0.1825	0.2143	0.0476	0.4762	0.4762	0.0000	0.2381	0.6429	0.1190	0.3413	0.5238	0.1349	0.4762	0.1587	0.3651	0.0952	0.0635	0.8413	0.0714	0.6111	0.3175	0.5238	0.2222	0.2540	0.6667	0.2619	0.0714	0.1667	0.7063	0.1270	0.0159	0.4762	0.5000	0.0079	0.2143	0.2143	0.5714	0.0714	0.2381	0.6905	0.5000	0.2857	0.2143	0.1111	0.2937	0.5952	0.2143	0.4841	0.3016	0.3333	0.3254	0.3413	0.0238	0.3571	0.6190
Wuzhong Hui	0.3077	0.5769	0.1154	0.3782	0.4231	0.1987	0.6474	0.0064	0.3462	0.4551	0.2179	0.3269	0.0449	0.5577	0.3974	0.0000	0.3013	0.5962	0.1026	0.4423	0.4295	0.1282	0.4744	0.2115	0.3141	0.2564	0.1538	0.5897	0.0577	0.7308	0.2115	0.6218	0.1987	0.1795	0.7051	0.2372	0.0577	0.2051	0.7115	0.0833	0.0000	0.4872	0.5000	0.0128	0.2179	0.2564	0.5256	0.0577	0.3654	0.5769	0.5385	0.2885	0.1731	0.1090	0.4167	0.4744	0.3782	0.3397	0.2821	0.2628	0.3269	0.4103	0.0192	0.2628	0.7179
Hainan Han	0.3250	0.2875	0.3875	0.3438	0.4875	0.1688	0.6438	0.0000	0.3563	0.6125	0.1813	0.2063	0.0188	0.3438	0.6375	0.0000	0.1438	0.7688	0.0875	0.2625	0.6188	0.1188	0.4750	0.1875	0.3375	0.1438	0.1313	0.7250	0.0563	0.6188	0.3250	0.4500	0.2813	0.2688	0.7375	0.2125	0.0500	0.1250	0.7313	0.1438	0.0125	0.4750	0.5063	0.0063	0.3188	0.2500	0.4313	0.1688	0.4688	0.3625	0.5188	0.2313	0.2500	0.0375	0.3500	0.6125	0.2125	0.3313	0.4563	0.2313	0.3250	0.4438	0.0500	0.3500	0.6000
Hainan Li	0.2372	0.0577	0.7051	0.2885	0.4808	0.2308	0.4744	0.0000	0.5256	0.6923	0.1282	0.1795	0.0064	0.1795	0.8141	0.0064	0.0577	0.8654	0.0705	0.1026	0.7628	0.1346	0.4872	0.1474	0.3654	0.0128	0.0769	0.9103	0.0192	0.4936	0.4872	0.3782	0.3205	0.3013	0.7051	0.2244	0.0705	0.1474	0.7821	0.0705	0.0000	0.4038	0.5962	0.0000	0.5833	0.2051	0.2115	0.2692	0.7051	0.0256	0.5833	0.1731	0.2436	0.0769	0.2308	0.6923	0.2885	0.4423	0.2692	0.2051	0.2564	0.5385	0.0449	0.5577	0.3974
Ordos Mongolian	0.2945	0.5411	0.1644	0.4041	0.3014	0.2945	0.6096	0.0000	0.3904	0.4589	0.1849	0.3562	0.0411	0.5068	0.4521	0.0000	0.2808	0.5274	0.1918	0.2671	0.6370	0.0959	0.4726	0.1849	0.3425	0.2808	0.1781	0.5411	0.0274	0.7260	0.2466	0.6438	0.1644	0.1918	0.7808	0.1712	0.0479	0.2055	0.7192	0.0753	0.0068	0.5274	0.4589	0.0068	0.1644	0.3151	0.5205	0.1164	0.3493	0.5342	0.5411	0.2808	0.1781	0.1164	0.4795	0.4041	0.2123	0.3836	0.4041	0.3973	0.3493	0.2534	0.0137	0.1370	0.8493
Tibet Sherpa	0.3621	0.3736	0.2644	0.5402	0.2816	0.1782	0.7874	0.0000	0.2126	0.3506	0.1437	0.5057	0.0115	0.7299	0.2586	0.0000	0.0862	0.8563	0.0575	0.2816	0.6782	0.0402	0.4943	0.2414	0.2644	0.1379	0.0690	0.7931	0.0345	0.6034	0.3621	0.6494	0.2126	0.1379	0.6379	0.3448	0.0172	0.2644	0.5805	0.1552	0.0000	0.6839	0.3161	0.0000	0.2586	0.1552	0.5862	0.0402	0.0575	0.9023	0.7356	0.0862	0.1782	0.2241	0.6322	0.1437	0.2586	0.3448	0.3966	0.4425	0.3276	0.2299	0.0000	0.1724	0.8276
