Locus		NL	Asia	Africa
mh06PK-24844	Haplotype \ n	99	87	73
	1	0.000	0.000	0.123
	3	0.566	0.586	0.425
	4	0.071	0.000	0.329
	5	0.005	0.000	0.000
	6	0.005	0.000	0.000
	7	0.348	0.414	0.110
	10	0.005	0.000	0.000
	12	0.000	0.000	0.007
	14	0.000	0.000	0.007
mh06PK-25713	Haplotype \ n	98	87	74
	1	0.209	0.092	0.216
	2	0.107	0.075	0.101
	3	0.464	0.431	0.534
	4	0.168	0.379	0.135
	5	0.051	0.023	0.007
	7	0.000	0.000	0.007
mh07PK-38311	Haplotype \ n	62	60	90
	1	0.153	0.067	0.089
	2	0.387	0.225	0.133
	3	0.427	0.708	0.617
	4	0.032	0.000	0.161
mh08PK-46625	Haplotype \ n	94	80	78
	1	0.191	0.250	0.327
	3	0.191	0.456	0.500
	5	0.000	0.000	0.058
	6	0.585	0.294	0.115
	7	0.032	0.000	0.000
mh10PK-62104	Haplotype \ n	99	87	90
	1	0.540	0.655	0.533
	2	0.399	0.345	0.456
	3	0.056	0.000	0.006
	4	0.005	0.000	0.000
	7	0.000	0.000	0.006
mh11PK-62906	Haplotype \ n	87	71	88
	1	0.161	0.782	0.608
	2	0.540	0.000	0.102
	3	0.023	0.148	0.006
	4	0.040	0.007	0.063
	5	0.000	0.000	0.034
	6	0.040	0.000	0.000
	7	0.069	0.014	0.017
	8	0.029	0.007	0.142
	9	0.017	0.000	0.000
	11	0.029	0.000	0.000
	13	0.011	0.000	0.000
	14	0.040	0.000	0.000
	15	0.000	0.000	0.011
	18	0.000	0.021	0.000
	19	0.000	0.000	0.006
	20	0.000	0.007	0.000
	22	0.000	0.000	0.006
	23	0.000	0.014	0.000
	25	0.000	0.000	0.006
mh11PK-63643	Haplotype \ n	99	86	90
	1	0.232	0.221	0.089
	2	0.096	0.186	0.233
	4	0.379	0.047	0.289
	9	0.247	0.198	0.106
	10	0.045	0.343	0.278
	13	0.000	0.000	0.006
	14	0.000	0.006	0.000
mh14PK-72639	Haplotype \ n	97	84	88
	1	0.000	0.000	0.011
	2	0.216	0.482	0.159
	4	0.284	0.185	0.216
	7	0.000	0.000	0.006
	8	0.304	0.000	0.051
	9	0.005	0.000	0.000
	10	0.180	0.333	0.358
	14	0.005	0.000	0.028
	16	0.000	0.000	0.017
	17	0.000	0.000	0.034
	18	0.000	0.000	0.006
	19	0.005	0.000	0.057
	20	0.000	0.000	0.045
	25	0.000	0.000	0.006
	26	0.000	0.000	0.006
mh15PK-75170	Haplotype \ n	78	76	73
	1	0.179	0.164	0.548
	2	0.000	0.000	0.034
	3	0.000	0.086	0.000
	4	0.006	0.000	0.000
	5	0.699	0.730	0.315
	6	0.109	0.000	0.027
	7	0.006	0.000	0.000
	8	0.000	0.000	0.007
	9	0.000	0.007	0.000
	10	0.000	0.000	0.068
	11	0.000	0.007	0.000
	13	0.000	0.007	0.000
mh16PK-83362	Haplotype \ n	99	85	75
	1	0.076	0.053	0.167
	3	0.000	0.000	0.047
	4	0.202	0.471	0.487
	5	0.722	0.471	0.153
	6	0.000	0.000	0.140
	9	0.000	0.000	0.007
	10	0.000	0.006	0.000
mh16PK-83483	Haplotype \ n	71	84	74
	1	0.077	0.012	0.223
	2	0.211	0.000	0.000
	4	0.000	0.000	0.054
	5	0.521	0.470	0.358
	8	0.183	0.500	0.176
	12	0.007	0.012	0.182
	15	0.000	0.006	0.000
	18	0.000	0.000	0.007
mh16PK-83544	Haplotype \ n	99	83	86
	1	0.343	0.277	0.064
	2	0.293	0.060	0.035
	3	0.131	0.301	0.337
	4	0.232	0.355	0.564
	5	0.000	0.006	0.000
mh17PK-86511	Haplotype \ n	98	85	70
	1	0.378	0.000	0.050
	2	0.015	0.000	0.000
	3	0.357	0.594	0.221
	4	0.031	0.000	0.000
	5	0.005	0.000	0.029
	6	0.036	0.000	0.000
	7	0.000	0.000	0.050
	8	0.051	0.059	0.021
	9	0.005	0.082	0.264
	10	0.092	0.235	0.157
	11	0.020	0.000	0.029
	12	0.010	0.000	0.000
	13	0.000	0.006	0.000
	14	0.000	0.000	0.014
	15	0.000	0.000	0.071
	17	0.000	0.012	0.000
	18	0.000	0.000	0.014
	19	0.000	0.000	0.007
	21	0.000	0.000	0.014
	22	0.000	0.000	0.007
	23	0.000	0.000	0.014
	24	0.000	0.000	0.007
	25	0.000	0.000	0.014
	26	0.000	0.000	0.007
	27	0.000	0.000	0.007
	28	0.000	0.012	0.000
mh18PK-87558	Haplotype \ n	70	78	90
	1	0.407	0.340	0.056
	2	0.129	0.109	0.428
	3	0.000	0.000	0.011
	4	0.464	0.551	0.506
mh22PK-104638	Haplotype \ n	88	76	67
	1	0.722	0.546	0.515
	2	0.028	0.053	0.194
	3	0.045	0.342	0.015
	4	0.006	0.000	0.000
	5	0.000	0.000	0.007
	6	0.000	0.020	0.000
	7	0.000	0.013	0.030
	8	0.000	0.000	0.075
	9	0.199	0.026	0.104
	10	0.000	0.000	0.052
	11	0.000	0.000	0.007
mh21PK-MX1s	Haplotype \ n	96	87	90
	1	0.828	0.477	0.656
	2	0.141	0.080	0.028
	3	0.000	0.063	0.117
	4	0.010	0.000	0.083
	5	0.021	0.379	0.117
